11 18 
12 19 
13 20 
14 21 
15 22 
16 23 
17 24 
18 25 
19 26 
20 27 
21 28 
22 29 
23 30 
24 31 
25 32 
26 33 
27 34 
28 35 
29 36 
30 37 
31 38 
32 39 
32 40 
32 41 
31 42 
31 43 
30 44 
30 45 
30 46 
30 47 
30 48 
30 49 
29 50 
30 51 
30 52 
30 53 
30 54 
30 55 
30 56 
31 57 
31 58 
32 59 
32 60 
33 61 
33 62 
34 63 
35 64 
36 65 
37 66 
38 67 
39 68 
40 69 
41 70 
42 71 
43 72 
44 73 
45 74 
46 75 
47 76 
48 77 
49 78 
50 79 
51 80 
52 81 
53 82 
54 83 
55 84 
56 85 
57 86 
58 87 
59 88 
60 88 
61 88 
62 88 
63 88 
64 88 
65 88 
66 88 
67 88 
68 88 
69 88 
70 88 
71 88 
72 88 
73 88 
74 88 
75 88 
76 88 
77 88 
78 88 
79 88 
80 88 
81 88 
82 88 
83 88 

